blue_palette <- c("#002244",
                  "#053657",
                  "#004370",
                  "#00538A",
                  "#0071bc",
                  "#A3DAFF",
                  "#CDE7F9"
                  )

red_pact <- "#DC4234"
blue_uk <- "#001E62"